80.000 0.500 1000
72.295 55.604 23.797 0.000 0.000 0.000 9999996028205762871296.000
58.273 14.778 65.580 0.000 0.000 0.000 10000013404422717571072.000
72.946 42.098 37.369 0.000 0.000 0.000 9999998003064367742976.000
54.711 3.514 21.977 0.000 0.000 0.000 10000011202138380173312.000
64.482 8.240 10.816 0.000 0.000 0.000 10000002424489979674624.000
40.873 60.931 75.140 0.000 0.000 0.000 9999982367425064599552.000
60.148 4.519 13.082 0.000 0.000 0.000 9999990958882981675008.000
58.107 38.279 29.004 0.000 0.000 0.000 9999993099707211579392.000
62.858 45.068 27.386 0.000 0.000 0.000 9999998741304167104512.000
79.900 53.143 53.678 0.000 0.000 0.000 10000011465644778192896.000
60.864 43.493 51.946 0.000 0.000 0.000 9999989510159489564672.000
26.303 48.739 74.927 0.000 0.000 0.000 10000001959215109242880.000
33.294 48.981 16.118 0.000 0.000 0.000 9999973175814116081664.000
17.453 8.851 16.491 0.000 0.000 0.000 9999994370507078107136.000
42.650 20.719 64.837 0.000 0.000 0.000 9999987137172637483008.000
37.947 30.491 28.961 0.000 0.000 0.000 10000014964583445823488.000
47.054 79.006 18.447 0.000 0.000 0.000 10000007592015084650496.000
72.626 22.974 16.756 0.000 0.000 0.000 10000016682130922799104.000
15.061 55.058 24.043 0.000 0.000 0.000 10000007407303269548032.000
49.076 56.873 61.406 0.000 0.000 0.000 10000006288809111060480.000
45.133 61.338 60.027 0.000 0.000 0.000 9999989116304455892992.000
24.354 14.785 29.489 0.000 0.000 0.000 10000007883106950316032.000
33.072 10.579 76.775 0.000 0.000 0.000 9999984427331129180160.000
74.674 69.064 14.701 0.000 0.000 0.000 10000006237273198690304.000
21.838 9.680 37.156 0.000 0.000 0.000 9999985434950906150912.000
55.991 66.390 17.614 0.000 0.000 0.000 10000009310688623198208.000
59.680 63.367 72.940 0.000 0.000 0.000 10000012704327149813760.000
57.380 15.840 58.816 0.000 0.000 0.000 9999999395809481195520.000
58.419 48.304 62.992 0.000 0.000 0.000 9999997883892981825536.000
48.068 0.557 22.301 0.000 0.000 0.000 10000014750253433487360.000
39.213 78.058 58.367 0.000 0.000 0.000 10000002017404387328000.000
66.815 43.779 56.426 0.000 0.000 0.000 10000003303474070552576.000
35.156 21.429 7.043 0.000 0.000 0.000 10000006537313632911360.000
40.756 71.047 1.927 0.000 0.000 0.000 10000003675605293858816.000
50.129 73.146 63.156 0.000 0.000 0.000 10000000869417135112192.000
63.879 37.180 10.785 0.000 0.000 0.000 10000001913561819381760.000
72.584 27.118 15.544 0.000 0.000 0.000 10000004606645023801344.000
78.359 61.127 12.413 0.000 0.000 0.000 9999997540772798791680.000
79.579 11.550 19.526 0.000 0.000 0.000 10000001670828638863360.000
24.553 64.489 21.672 0.000 0.000 0.000 9999998489746485542912.000
42.204 35.140 69.928 0.000 0.000 0.000 10000005742252552880128.000
29.639 17.521 59.588 0.000 0.000 0.000 10000008853637342167040.000
28.626 8.381 72.945 0.000 0.000 0.000 9999997716320399392768.000
16.120 69.431 41.279 0.000 0.000 0.000 9999997137117150969856.000
64.563 61.370 54.401 0.000 0.000 0.000 9999992195111268122624.000
70.706 34.349 51.733 0.000 0.000 0.000 10000005943169950679040.000
16.265 40.875 7.693 0.000 0.000 0.000 9999991951348903968768.000
17.513 34.034 67.625 0.000 0.000 0.000 9999992063372250054656.000
78.389 25.635 53.263 0.000 0.000 0.000 9999996779188247855104.000
15.949 68.810 32.877 0.000 0.000 0.000 9999991987440111845376.000
39.373 62.441 72.527 0.000 0.000 0.000 10000001185326959689728.000
75.140 49.418 26.243 0.000 0.000 0.000 10000010132343905845248.000
50.598 41.669 6.482 0.000 0.000 0.000 10000007907112227176448.000
69.710 18.630 18.089 0.000 0.000 0.000 9999985344685243629568.000
23.592 35.047 52.396 0.000 0.000 0.000 10000018790667922702336.000
26.774 75.717 64.891 0.000 0.000 0.000 10000008088704035848192.000
36.418 55.693 28.072 0.000 0.000 0.000 10000010653747040485376.000
76.618 69.384 21.742 0.000 0.000 0.000 9999993134493649076224.000
26.791 19.854 51.621 0.000 0.000 0.000 9999991152968650981376.000
54.262 19.971 69.504 0.000 0.000 0.000 10000010382863524429824.000
46.129 15.942 35.082 0.000 0.000 0.000 9999980831286472212480.000
38.941 62.726 6.101 0.000 0.000 0.000 9999993946128338911232.000
65.156 23.937 75.347 0.000 0.000 0.000 9999997189675930353664.000
25.529 33.073 28.136 0.000 0.000 0.000 10000003489315959078912.000
29.306 49.723 17.495 0.000 0.000 0.000 9999998113787785773056.000
35.584 11.302 0.677 0.000 0.000 0.000 9999994109683650527232.000
64.428 5.153 50.581 0.000 0.000 0.000 9999994037158906167296.000
28.779 16.535 20.645 0.000 0.000 0.000 9999988829163521835008.000
58.111 21.141 31.253 0.000 0.000 0.000 9999998906659478962176.000
18.340 3.721 37.549 0.000 0.000 0.000 9999997467985354686464.000
43.064 37.165 70.684 0.000 0.000 0.000 10000004270175331287040.000
13.151 70.564 21.569 0.000 0.000 0.000 10000011655013092818944.000
72.201 50.539 18.075 0.000 0.000 0.000 9999992574746680098816.000
8.251 35.816 3.604 0.000 0.000 0.000 10000012298239233490944.000
66.875 46.804 48.357 0.000 0.000 0.000 9999996949884351545344.000
53.279 54.723 19.949 0.000 0.000 0.000 9999988666783267553280.000
50.856 48.904 16.704 0.000 0.000 0.000 9999982389882760724480.000
67.984 26.501 40.342 0.000 0.000 0.000 10000004850446730526720.000
37.210 70.083 23.505 0.000 0.000 0.000 10000005835648407699456.000
14.775 23.714 28.516 0.000 0.000 0.000 9999975245663914950656.000
3.792 31.046 16.083 0.000 0.000 0.000 9999985031625066938368.000
5.904 16.159 33.567 0.000 0.000 0.000 9999993406137737150464.000
47.923 2.567 68.695 0.000 0.000 0.000 9999994017312699056128.000
30.241 32.110 67.492 0.000 0.000 0.000 9999992760921925615616.000
20.554 48.757 53.628 0.000 0.000 0.000 10000012684068535664640.000
58.546 9.196 5.873 0.000 0.000 0.000 10000000206280465580032.000
4.523 66.377 32.575 0.000 0.000 0.000 10000010043690315677696.000
26.624 29.229 42.892 0.000 0.000 0.000 9999972567150088945664.000
37.213 37.801 31.207 0.000 0.000 0.000 10000003016328080261120.000
58.615 50.211 7.040 0.000 0.000 0.000 10000005670393685737472.000
8.258 1.594 79.834 0.000 0.000 0.000 10000020836374894608384.000
61.309 55.114 45.569 0.000 0.000 0.000 9999992817095286980608.000
31.184 72.483 44.372 0.000 0.000 0.000 9999980313712250585088.000
53.758 21.455 79.729 0.000 0.000 0.000 9999988830565975457792.000
41.483 46.359 1.048 0.000 0.000 0.000 9999994123505929027584.000
68.886 16.375 13.731 0.000 0.000 0.000 10000014100700982149120.000
45.260 30.090 22.834 0.000 0.000 0.000 9999998996033512144896.000
59.601 39.206 26.536 0.000 0.000 0.000 10000006866071539679232.000
16.782 29.830 14.404 0.000 0.000 0.000 10000003229169425055744.000
47.081 64.900 7.956 0.000 0.000 0.000 9999994785143415898112.000
78.224 39.690 14.360 0.000 0.000 0.000 9999986647677263675392.000
77.141 22.959 51.139 0.000 0.000 0.000 10000000080445400154112.000
21.860 31.374 16.898 0.000 0.000 0.000 10000015900494329282560.000
48.441 63.042 31.891 0.000 0.000 0.000 9999991281288210284544.000
10.574 6.030 62.922 0.000 0.000 0.000 9999988646212347625472.000
45.283 42.720 59.848 0.000 0.000 0.000 10000000274248868298752.000
45.521 48.278 5.779 0.000 0.000 0.000 10000011606634872700928.000
7.108 16.669 34.516 0.000 0.000 0.000 9999994513529264668672.000
71.338 45.364 24.665 0.000 0.000 0.000 10000013310146035843072.000
0.355 52.570 33.980 0.000 0.000 0.000 10000012614782662213632.000
72.403 53.027 70.552 0.000 0.000 0.000 10000012180740473094144.000
41.045 16.844 33.358 0.000 0.000 0.000 10000012223559111802880.000
74.381 69.187 43.515 0.000 0.000 0.000 10000002536887659003904.000
59.803 27.570 51.743 0.000 0.000 0.000 9999995879423630901248.000
76.978 1.220 6.523 0.000 0.000 0.000 10000008443777846870016.000
55.839 64.162 21.048 0.000 0.000 0.000 10000013963796710162432.000
40.475 40.054 16.081 0.000 0.000 0.000 10000031871670394290176.000
55.752 54.383 3.307 0.000 0.000 0.000 9999998226854374801408.000
30.009 36.684 7.397 0.000 0.000 0.000 10000005759283006275584.000
22.048 41.552 53.831 0.000 0.000 0.000 9999990103384667455488.000
65.998 73.989 37.843 0.000 0.000 0.000 9999987329341623107584.000
30.665 66.193 79.367 0.000 0.000 0.000 10000007371578060832768.000
15.088 73.371 47.526 0.000 0.000 0.000 9999975153687358078976.000
16.581 9.456 71.633 0.000 0.000 0.000 9999986089750828154880.000
6.523 17.569 47.443 0.000 0.000 0.000 9999992554761352118272.000
43.896 70.886 3.758 0.000 0.000 0.000 10000007670031200550912.000
46.771 8.063 26.389 0.000 0.000 0.000 10000011361457230839808.000
35.724 28.425 32.608 0.000 0.000 0.000 10000005726680658214912.000
48.294 9.040 49.678 0.000 0.000 0.000 10000000697778856525824.000
10.691 21.548 27.095 0.000 0.000 0.000 9999985662490650345472.000
29.373 64.021 6.670 0.000 0.000 0.000 10000012930857970958336.000
29.556 35.569 53.567 0.000 0.000 0.000 9999996895165507698688.000
47.815 14.988 71.936 0.000 0.000 0.000 10000010085927422525440.000
65.949 30.266 32.417 0.000 0.000 0.000 10000009792652291604480.000
61.363 68.239 43.335 0.000 0.000 0.000 10000000226058888544256.000
58.038 77.585 9.568 0.000 0.000 0.000 10000003570513154670592.000
38.648 53.935 71.223 0.000 0.000 0.000 10000002695504253157376.000
7.559 27.917 3.067 0.000 0.000 0.000 9999998178168078860288.000
64.539 27.427 6.531 0.000 0.000 0.000 10000000493881565118464.000
63.657 26.033 36.715 0.000 0.000 0.000 10000007518219134828544.000
46.000 76.457 36.479 0.000 0.000 0.000 9999996271371829116928.000
19.377 9.364 6.101 0.000 0.000 0.000 9999993415900418015232.000
36.335 45.183 31.044 0.000 0.000 0.000 10000009657650411208704.000
62.590 76.431 72.517 0.000 0.000 0.000 9999999341192479244288.000
73.087 11.906 66.076 0.000 0.000 0.000 9999984897091721756672.000
27.255 35.329 23.208 0.000 0.000 0.000 9999990258369038385152.000
78.406 13.393 41.923 0.000 0.000 0.000 9999998003296239353856.000
0.720 21.195 36.493 0.000 0.000 0.000 9999993934021868388352.000
28.361 70.454 39.608 0.000 0.000 0.000 10000009070598061817856.000
62.405 18.513 7.073 0.000 0.000 0.000 10000001383481542180864.000
13.146 76.646 78.293 0.000 0.000 0.000 9999999568687593947136.000
58.014 34.608 61.615 0.000 0.000 0.000 10000020538457172475904.000
55.661 7.541 78.611 0.000 0.000 0.000 10000009794962981912576.000
48.880 69.343 4.838 0.000 0.000 0.000 10000006242178279931904.000
56.939 2.505 66.076 0.000 0.000 0.000 9999989924955322056704.000
18.582 69.450 62.794 0.000 0.000 0.000 9999997177388328812544.000
50.929 33.644 63.306 0.000 0.000 0.000 9999994523853418135552.000
58.917 56.346 16.806 0.000 0.000 0.000 10000004860005553537024.000
30.324 58.096 9.447 0.000 0.000 0.000 9999985223830232629248.000
22.242 68.271 45.661 0.000 0.000 0.000 9999992016583480311808.000
64.138 9.435 49.434 0.000 0.000 0.000 10000002783939070525440.000
24.126 71.068 20.022 0.000 0.000 0.000 9999994708034469232640.000
16.580 71.977 15.421 0.000 0.000 0.000 10000005206281243590656.000
76.702 57.042 9.731 0.000 0.000 0.000 10000000082324796473344.000
52.163 18.517 66.514 0.000 0.000 0.000 9999996155275774001152.000
47.556 8.747 55.284 0.000 0.000 0.000 10000000900417953202176.000
17.873 79.243 69.526 0.000 0.000 0.000 9999995261749288763392.000
29.971 24.431 54.738 0.000 0.000 0.000 10000006082095852027904.000
38.604 43.931 49.712 0.000 0.000 0.000 9999996733733184995328.000
22.430 53.963 12.054 0.000 0.000 0.000 10000005193472856293376.000
32.147 28.731 74.853 0.000 0.000 0.000 10000001863100301049856.000
77.734 43.494 21.486 0.000 0.000 0.000 10000000701599657754624.000
48.527 62.480 4.539 0.000 0.000 0.000 9999988051104298434560.000
12.868 11.670 9.887 0.000 0.000 0.000 10000001408258675834880.000
5.619 65.446 33.705 0.000 0.000 0.000 10000000337257974202368.000
24.539 9.561 63.149 0.000 0.000 0.000 10000010690907644887040.000
72.418 46.750 70.061 0.000 0.000 0.000 10000012967584869646336.000
28.912 75.515 11.443 0.000 0.000 0.000 10000000103614292951040.000
44.702 16.336 32.137 0.000 0.000 0.000 9999999782279700283392.000
16.779 27.910 32.331 0.000 0.000 0.000 9999989029275202224128.000
50.213 41.293 62.856 0.000 0.000 0.000 9999991210522426998784.000
6.588 51.118 61.805 0.000 0.000 0.000 10000007655920156803072.000
20.607 19.290 20.405 0.000 0.000 0.000 10000004499346986893312.000
4.892 29.368 35.858 0.000 0.000 0.000 9999997391391288197120.000
27.922 15.655 39.579 0.000 0.000 0.000 9999991010768227139584.000
27.724 20.676 64.349 0.000 0.000 0.000 10000011581449002024960.000
7.373 15.055 62.171 0.000 0.000 0.000 9999980305279768068096.000
51.153 48.210 30.826 0.000 0.000 0.000 10000009355159700242432.000
24.980 18.696 28.808 0.000 0.000 0.000 10000013749779815202816.000
25.909 66.041 36.261 0.000 0.000 0.000 9999990383959395532800.000
59.726 21.278 56.378 0.000 0.000 0.000 10000012229701990875136.000
59.645 79.823 62.271 0.000 0.000 0.000 9999992404485882249216.000
6.181 39.689 39.603 0.000 0.000 0.000 10000006125307499118592.000
26.427 75.195 23.809 0.000 0.000 0.000 10000001757695749128192.000
1.737 40.099 79.473 0.000 0.000 0.000 9999989834229483569152.000
39.855 17.098 51.883 0.000 0.000 0.000 10000003421082941915136.000
45.755 79.399 54.754 0.000 0.000 0.000 10000023268959652413440.000
55.204 50.684 54.237 0.000 0.000 0.000 9999986707348118831104.000
71.702 61.461 65.764 0.000 0.000 0.000 9999991755499567579136.000
21.726 56.883 63.572 0.000 0.000 0.000 9999982785745452531712.000
60.800 51.572 5.476 0.000 0.000 0.000 9999991325335924768768.000
77.631 29.191 40.239 0.000 0.000 0.000 10000009320273744494592.000
56.138 6.722 72.518 0.000 0.000 0.000 9999991872563739361280.000
54.880 68.734 70.614 0.000 0.000 0.000 10000002897303987814400.000
60.621 10.335 12.386 0.000 0.000 0.000 10000004671384133304320.000
66.818 48.163 27.786 0.000 0.000 0.000 9999984061871944630272.000
72.897 54.998 67.982 0.000 0.000 0.000 9999999367546499235840.000
48.501 60.596 17.030 0.000 0.000 0.000 10000020713359886254080.000
40.279 72.659 74.088 0.000 0.000 0.000 10000015863018522935296.000
69.318 2.055 5.577 0.000 0.000 0.000 9999985922436382064640.000
41.628 60.468 34.273 0.000 0.000 0.000 9999982990687062720512.000
8.453 54.883 32.335 0.000 0.000 0.000 10000002427144844083200.000
17.946 45.051 43.083 0.000 0.000 0.000 9999988436665681051648.000
46.362 8.545 7.740 0.000 0.000 0.000 10000012199004651651072.000
37.157 30.536 69.449 0.000 0.000 0.000 9999977020507520237568.000
12.917 3.250 39.268 0.000 0.000 0.000 9999970699097122275328.000
23.336 16.826 38.573 0.000 0.000 0.000 9999999963101988388864.000
66.302 40.469 31.583 0.000 0.000 0.000 10000001763917166542848.000
46.321 2.427 40.213 0.000 0.000 0.000 9999988240375993073664.000
23.883 52.870 37.422 0.000 0.000 0.000 10000012514101693513728.000
7.119 78.263 42.328 0.000 0.000 0.000 9999991732630909353984.000
40.801 5.971 41.397 0.000 0.000 0.000 9999978464563448250368.000
61.069 71.223 37.708 0.000 0.000 0.000 9999998852358744309760.000
61.978 30.216 39.831 0.000 0.000 0.000 9999997664965022449664.000
14.350 25.212 31.304 0.000 0.000 0.000 10000001801845957722112.000
73.017 42.654 33.641 0.000 0.000 0.000 10000000142394930495488.000
76.984 53.653 27.137 0.000 0.000 0.000 9999990703781744476160.000
53.239 21.944 51.373 0.000 0.000 0.000 9999980267613942972416.000
77.594 63.959 74.769 0.000 0.000 0.000 10000003615160029675520.000
5.174 46.772 74.940 0.000 0.000 0.000 9999995927369785278464.000
73.782 8.484 54.891 0.000 0.000 0.000 10000007602894704476160.000
15.640 33.206 37.943 0.000 0.000 0.000 10000005779386018037760.000
63.290 3.923 43.196 0.000 0.000 0.000 9999996686156292947968.000
21.380 38.610 11.860 0.000 0.000 0.000 9999988741294904049664.000
77.194 4.675 50.357 0.000 0.000 0.000 10000004647161826377728.000
77.825 54.930 77.471 0.000 0.000 0.000 9999994123736110333952.000
54.313 56.260 12.044 0.000 0.000 0.000 10000011386168423743488.000
3.681 44.150 48.329 0.000 0.000 0.000 10000005637020953083904.000
68.569 66.648 2.989 0.000 0.000 0.000 9999993603913985032192.000
11.171 17.640 31.710 0.000 0.000 0.000 9999995660307947061248.000
54.580 67.829 19.242 0.000 0.000 0.000 9999989702763978162176.000
61.549 54.382 52.200 0.000 0.000 0.000 10000003415225271320576.000
28.242 38.859 56.029 0.000 0.000 0.000 9999993181250074443776.000
42.314 46.447 48.976 0.000 0.000 0.000 10000012271177850421248.000
8.783 10.819 14.572 0.000 0.000 0.000 10000009884740584734720.000
5.231 53.680 66.837 0.000 0.000 0.000 10000003025526715318272.000
77.008 58.716 15.882 0.000 0.000 0.000 10000012588753906302976.000
42.417 11.537 79.856 0.000 0.000 0.000 10000007265725102161920.000
9.254 54.072 30.994 0.000 0.000 0.000 10000002971769625378816.000
8.339 50.055 36.847 0.000 0.000 0.000 9999984021680829759488.000
33.132 5.016 56.840 0.000 0.000 0.000 10000009589953486913536.000
51.926 66.543 30.325 0.000 0.000 0.000 10000002914032677814272.000
15.186 42.195 36.809 0.000 0.000 0.000 10000010269252588142592.000
53.890 4.268 30.498 0.000 0.000 0.000 9999997476462168899584.000
22.343 19.335 76.000 0.000 0.000 0.000 10000006658992621223936.000
7.721 18.544 21.288 0.000 0.000 0.000 10000002206086201344000.000
34.953 16.136 39.398 0.000 0.000 0.000 10000000258570811604992.000
53.917 66.001 49.363 0.000 0.000 0.000 9999992703807370821632.000
40.444 13.193 1.662 0.000 0.000 0.000 9999986210976714194944.000
15.140 57.215 53.833 0.000 0.000 0.000 9999992195766628122624.000
31.550 50.510 44.553 0.000 0.000 0.000 10000011055940593778688.000
6.192 52.484 42.165 0.000 0.000 0.000 9999999991453365305344.000
13.067 57.981 62.331 0.000 0.000 0.000 10000010884386824126464.000
51.972 56.210 48.259 0.000 0.000 0.000 9999991714985103327232.000
61.792 9.543 8.208 0.000 0.000 0.000 10000004416969075851264.000
6.391 76.001 24.225 0.000 0.000 0.000 10000000920204492144640.000
34.046 5.331 55.552 0.000 0.000 0.000 10000001035745663909888.000
61.725 10.480 24.129 0.000 0.000 0.000 10000006100371413925888.000
35.552 69.816 68.609 0.000 0.000 0.000 9999997203782454738944.000
48.246 47.574 32.115 0.000 0.000 0.000 10000014745918781784064.000
76.557 18.780 40.341 0.000 0.000 0.000 9999999680407423418368.000
55.437 63.590 22.584 0.000 0.000 0.000 9999989778791591313408.000
51.189 33.739 47.420 0.000 0.000 0.000 10000014204669293232128.000
4.587 77.952 67.207 0.000 0.000 0.000 9999998633893521522688.000
15.075 14.332 11.986 0.000 0.000 0.000 10000003163717933989888.000
24.362 69.246 9.205 0.000 0.000 0.000 9999981069795866968064.000
58.938 28.561 67.000 0.000 0.000 0.000 9999990530856145911808.000
14.885 38.905 21.429 0.000 0.000 0.000 10000000279611902525440.000
69.811 6.383 79.957 0.000 0.000 0.000 9999986755896581554176.000
33.200 62.225 50.939 0.000 0.000 0.000 10000003140753685479424.000
0.440 76.346 2.889 0.000 0.000 0.000 9999992448173809336320.000
27.594 21.941 63.114 0.000 0.000 0.000 9999993756873301950464.000
72.276 72.864 2.276 0.000 0.000 0.000 10000004939739996094464.000
79.976 76.538 67.124 0.000 0.000 0.000 9999997653239296163840.000
48.030 1.983 20.425 0.000 0.000 0.000 9999983468149485862912.000
32.857 8.544 48.667 0.000 0.000 0.000 10000006171804026535936.000
58.018 23.965 26.185 0.000 0.000 0.000 9999996872605426515968.000
73.341 64.246 53.943 0.000 0.000 0.000 9999988722345535602688.000
78.223 28.368 35.626 0.000 0.000 0.000 9999999370953849044992.000
29.093 28.809 66.114 0.000 0.000 0.000 9999981698241857060864.000
43.782 1.259 62.600 0.000 0.000 0.000 9999991772092095791104.000
19.263 17.254 62.013 0.000 0.000 0.000 9999997464770340978688.000
75.711 49.488 23.353 0.000 0.000 0.000 9999997261015184048128.000
62.533 15.417 7.987 0.000 0.000 0.000 9999998227572378828800.000
48.731 69.748 17.123 0.000 0.000 0.000 9999990830630803865600.000
77.347 21.454 18.022 0.000 0.000 0.000 9999999253648724983808.000
55.342 16.592 38.667 0.000 0.000 0.000 9999995864916986691584.000
13.421 46.595 33.870 0.000 0.000 0.000 9999988534427133149184.000
25.476 64.832 10.835 0.000 0.000 0.000 9999992305839698345984.000
50.446 15.293 11.279 0.000 0.000 0.000 9999995901733469421568.000
22.937 2.833 65.054 0.000 0.000 0.000 9999995209826261008384.000
57.831 38.169 34.094 0.000 0.000 0.000 9999981631371309219840.000
29.098 11.577 35.272 0.000 0.000 0.000 9999997530583787896832.000
31.407 46.397 21.279 0.000 0.000 0.000 10000021040270896267264.000
61.280 9.022 71.354 0.000 0.000 0.000 10000008794009210191872.000
38.633 38.092 8.791 0.000 0.000 0.000 9999997682310627459072.000
78.254 69.970 8.142 0.000 0.000 0.000 10000013010387213484032.000
68.841 7.190 52.733 0.000 0.000 0.000 9999984748984426037248.000
4.455 74.174 57.197 0.000 0.000 0.000 10000015983755147608064.000
19.278 24.251 16.486 0.000 0.000 0.000 10000002344164213653504.000
47.896 5.453 39.843 0.000 0.000 0.000 9999992815205914509312.000
12.986 69.738 54.272 0.000 0.000 0.000 9999998437274614235136.000
8.569 22.536 18.794 0.000 0.000 0.000 10000001819674174029824.000
56.896 2.730 31.357 0.000 0.000 0.000 10000009124878363918336.000
65.845 31.964 2.906 0.000 0.000 0.000 9999995623028278951936.000
61.836 74.101 62.065 0.000 0.000 0.000 10000002796726943481856.000
63.570 20.938 14.544 0.000 0.000 0.000 9999999994013629284352.000
74.376 8.651 29.289 0.000 0.000 0.000 9999994252258304851968.000
65.787 26.907 47.915 0.000 0.000 0.000 9999985825759828639744.000
27.105 19.759 39.154 0.000 0.000 0.000 9999996199577250168832.000
69.290 45.049 6.701 0.000 0.000 0.000 10000003809742260535296.000
7.297 64.514 54.144 0.000 0.000 0.000 10000013908900109615104.000
30.094 17.201 42.217 0.000 0.000 0.000 9999982913528375803904.000
38.965 18.293 70.597 0.000 0.000 0.000 10000011815894363668480.000
61.038 68.002 60.422 0.000 0.000 0.000 10000009661387542364160.000
5.371 60.019 59.412 0.000 0.000 0.000 10000008851192065032192.000
30.724 7.947 5.771 0.000 0.000 0.000 9999989863309501267968.000
8.773 68.364 47.696 0.000 0.000 0.000 10000000254666847813632.000
65.287 73.556 78.832 0.000 0.000 0.000 10000001225493684682752.000
6.865 78.462 79.902 0.000 0.000 0.000 9999997120111200698368.000
39.694 33.768 70.347 0.000 0.000 0.000 10000002734023556202496.000
14.047 15.341 18.636 0.000 0.000 0.000 9999984381677547814912.000
19.883 31.725 25.539 0.000 0.000 0.000 10000004800912944005120.000
25.079 76.456 3.218 0.000 0.000 0.000 9999987911963910864896.000
13.327 12.932 42.353 0.000 0.000 0.000 9999993821791449513984.000
76.005 54.244 74.801 0.000 0.000 0.000 10000001705087420334080.000
60.986 57.435 36.333 0.000 0.000 0.000 9999998538415385608192.000
67.386 64.445 13.928 0.000 0.000 0.000 10000000802763474731008.000
79.997 29.209 6.451 0.000 0.000 0.000 10000009147726537162752.000
48.514 28.350 61.875 0.000 0.000 0.000 10000004971063708483584.000
56.356 76.278 48.380 0.000 0.000 0.000 10000000470115214688256.000
67.766 42.677 78.050 0.000 0.000 0.000 9999978455541548580864.000
2.509 27.335 1.292 0.000 0.000 0.000 9999994504454806175744.000
38.585 37.015 6.902 0.000 0.000 0.000 10000021138759001047040.000
62.692 40.350 56.085 0.000 0.000 0.000 9999977976966508707840.000
10.085 77.551 17.672 0.000 0.000 0.000 9999989456761941655552.000
16.687 64.884 46.595 0.000 0.000 0.000 9999979566928211476480.000
26.875 77.647 25.049 0.000 0.000 0.000 9999980955358996725760.000
15.952 69.046 69.525 0.000 0.000 0.000 9999985702467847323648.000
21.867 76.130 77.974 0.000 0.000 0.000 9999995674586901381120.000
40.214 74.789 49.962 0.000 0.000 0.000 9999993404524972736512.000
54.886 12.429 71.763 0.000 0.000 0.000 10000016441867333795840.000
29.834 41.325 77.138 0.000 0.000 0.000 9999976732610724364288.000
28.087 46.109 70.946 0.000 0.000 0.000 9999970842949592285184.000
31.387 70.770 44.712 0.000 0.000 0.000 10000000816258578644992.000
73.936 47.628 15.793 0.000 0.000 0.000 10000001605113663717376.000
22.154 28.117 18.880 0.000 0.000 0.000 10000000455655930462208.000
10.321 66.141 55.383 0.000 0.000 0.000 10000020465014202695680.000
25.238 60.276 70.611 0.000 0.000 0.000 10000009139586483617792.000
8.622 58.695 49.096 0.000 0.000 0.000 10000008310633277685760.000
26.718 66.015 72.580 0.000 0.000 0.000 10000012823494171557888.000
28.425 13.252 59.270 0.000 0.000 0.000 9999996227068582952960.000
0.753 19.023 12.799 0.000 0.000 0.000 10000001645569701314560.000
49.923 36.428 41.548 0.000 0.000 0.000 9999997364369253990400.000
4.903 11.615 65.922 0.000 0.000 0.000 10000015535682755756032.000
63.008 6.280 14.466 0.000 0.000 0.000 9999994495067404369920.000
4.888 75.298 25.835 0.000 0.000 0.000 9999991472116604076032.000
9.315 43.667 57.070 0.000 0.000 0.000 9999980802898988630016.000
44.845 70.878 18.996 0.000 0.000 0.000 10000010223217625006080.000
70.806 66.656 32.096 0.000 0.000 0.000 9999998683749950685184.000
47.128 25.472 56.860 0.000 0.000 0.000 9999993224349668605952.000
64.935 6.614 52.633 0.000 0.000 0.000 9999993545391419162624.000
61.174 5.805 56.323 0.000 0.000 0.000 9999999437139632717824.000
13.642 58.062 8.225 0.000 0.000 0.000 10000013267496228356096.000
2.233 23.688 9.118 0.000 0.000 0.000 10000000157244475834368.000
75.583 58.866 48.025 0.000 0.000 0.000 10000000708822133899264.000
49.974 20.727 69.555 0.000 0.000 0.000 9999974476476128952320.000
69.371 42.488 46.859 0.000 0.000 0.000 9999998638666792566784.000
19.087 30.738 48.543 0.000 0.000 0.000 9999996545005676134400.000
22.866 37.994 76.333 0.000 0.000 0.000 10000004930648263360512.000
76.199 11.490 43.111 0.000 0.000 0.000 10000006330996637040640.000
59.863 67.595 2.996 0.000 0.000 0.000 9999996093879155687424.000
73.468 23.146 42.086 0.000 0.000 0.000 9999989400531850231808.000
5.709 47.586 38.132 0.000 0.000 0.000 10000010324342978117632.000
24.586 13.854 10.706 0.000 0.000 0.000 9999994309355616862208.000
68.815 19.116 62.227 0.000 0.000 0.000 10000007004941738573824.000
69.434 58.813 60.553 0.000 0.000 0.000 10000004724348573188096.000
58.978 34.905 62.759 0.000 0.000 0.000 10000010248665637584896.000
43.919 4.878 61.177 0.000 0.000 0.000 9999992980515711877120.000
11.232 5.696 77.678 0.000 0.000 0.000 10000022921489867079680.000
47.217 64.042 12.495 0.000 0.000 0.000 9999995778858064281600.000
19.486 54.212 20.829 0.000 0.000 0.000 9999982169708115787776.000
61.473 1.958 77.310 0.000 0.000 0.000 9999988477778169167872.000
47.166 74.783 66.942 0.000 0.000 0.000 10000004985759104761856.000
48.821 32.341 48.438 0.000 0.000 0.000 10000005850393649086464.000
79.408 15.947 51.941 0.000 0.000 0.000 9999998788967981907968.000
18.872 14.075 36.320 0.000 0.000 0.000 9999995454841990152192.000
7.093 19.785 25.659 0.000 0.000 0.000 10000002135069577707520.000
14.171 44.308 42.096 0.000 0.000 0.000 10000005074101636956160.000
37.813 5.466 3.890 0.000 0.000 0.000 9999999447804592259072.000
54.487 2.745 46.494 0.000 0.000 0.000 9999995218191940845568.000
57.174 44.521 29.632 0.000 0.000 0.000 9999996368598910107648.000
23.919 73.349 33.394 0.000 0.000 0.000 10000000049092830953472.000
13.641 14.995 59.076 0.000 0.000 0.000 9999994409707712282624.000
67.175 34.528 15.306 0.000 0.000 0.000 9999981993169879302144.000
5.131 67.619 62.507 0.000 0.000 0.000 10000006831969444823040.000
68.112 18.286 51.924 0.000 0.000 0.000 10000010261739562074112.000
13.386 17.015 33.967 0.000 0.000 0.000 10000011937970986680320.000
71.602 75.890 9.995 0.000 0.000 0.000 10000016639338704011264.000
7.381 77.305 74.774 0.000 0.000 0.000 10000003409555371327488.000
3.667 12.906 68.178 0.000 0.000 0.000 9999986146389090369536.000
21.336 1.474 63.347 0.000 0.000 0.000 10000005665532896346112.000
20.070 73.326 57.827 0.000 0.000 0.000 10000016445469966204928.000
36.188 8.869 14.127 0.000 0.000 0.000 9999990044087845650432.000
42.864 29.222 32.172 0.000 0.000 0.000 10000009050361146900480.000
21.823 59.152 20.912 0.000 0.000 0.000 9999988876254017224704.000
32.616 74.921 56.662 0.000 0.000 0.000 9999990145379089776640.000
71.038 63.051 47.279 0.000 0.000 0.000 10000000193751251156992.000
55.870 70.843 57.373 0.000 0.000 0.000 10000018196430220951552.000
26.769 42.655 2.627 0.000 0.000 0.000 10000013244614966247424.000
62.565 59.743 19.419 0.000 0.000 0.000 10000002611942243958784.000
6.059 66.394 55.789 0.000 0.000 0.000 9999988168792567971840.000
32.086 1.159 78.737 0.000 0.000 0.000 10000003154565715197952.000
71.556 28.374 38.221 0.000 0.000 0.000 10000007538201942032384.000
16.477 68.476 54.727 0.000 0.000 0.000 10000004253001147482112.000
25.725 31.028 43.182 0.000 0.000 0.000 10000001370915881353216.000
2.518 53.355 42.069 0.000 0.000 0.000 9999999444783974055936.000
32.042 1.918 79.814 0.000 0.000 0.000 10000016260076694142976.000
21.571 2.014 47.595 0.000 0.000 0.000 10000001712373691842560.000
43.656 50.820 18.372 0.000 0.000 0.000 9999997427574342942720.000
58.209 22.083 76.873 0.000 0.000 0.000 9999986343962522681344.000
45.335 68.572 37.861 0.000 0.000 0.000 9999987208837920718848.000
61.895 46.957 51.937 0.000 0.000 0.000 9999998704177609965568.000
21.929 33.913 24.443 0.000 0.000 0.000 9999994286530048819200.000
41.382 53.796 57.011 0.000 0.000 0.000 10000007057093135695872.000
11.033 28.419 9.611 0.000 0.000 0.000 9999994233349530976256.000
75.072 52.456 5.403 0.000 0.000 0.000 9999997209077218279424.000
53.609 47.598 29.403 0.000 0.000 0.000 10000016038541008044032.000
52.914 38.150 66.292 0.000 0.000 0.000 9999999301750305587200.000
67.758 47.112 35.324 0.000 0.000 0.000 9999974241119837880320.000
51.977 17.534 35.511 0.000 0.000 0.000 10000020033163604525056.000
74.924 16.465 65.063 0.000 0.000 0.000 10000019819236010491904.000
47.162 79.144 38.754 0.000 0.000 0.000 10000019793062970523648.000
6.262 25.213 18.921 0.000 0.000 0.000 9999993353790851907584.000
41.578 20.806 72.568 0.000 0.000 0.000 9999999780343399841792.000
66.978 65.946 66.806 0.000 0.000 0.000 9999986802811459338240.000
35.253 9.253 39.061 0.000 0.000 0.000 10000012688179788251136.000
32.118 17.597 40.880 0.000 0.000 0.000 9999991267384218353664.000
79.949 19.313 72.420 0.000 0.000 0.000 10000002076237482688512.000
57.949 72.423 77.267 0.000 0.000 0.000 10000018856919473061888.000
23.398 35.549 19.341 0.000 0.000 0.000 10000022737989576687616.000
33.167 62.708 77.960 0.000 0.000 0.000 9999993456435600031744.000
47.107 38.922 8.485 0.000 0.000 0.000 10000016163750052626432.000
77.163 48.322 48.098 0.000 0.000 0.000 10000010666513744789504.000
47.562 10.980 36.324 0.000 0.000 0.000 9999999009113614843904.000
15.279 47.433 54.061 0.000 0.000 0.000 10000025569301698183168.000
39.327 79.618 61.286 0.000 0.000 0.000 10000006194535902216192.000
35.041 45.054 48.828 0.000 0.000 0.000 9999991550046512349184.000
66.041 33.381 0.820 0.000 0.000 0.000 10000003746876830515200.000
44.449 64.266 31.858 0.000 0.000 0.000 10000017345798303907840.000
40.570 10.398 33.006 0.000 0.000 0.000 10000023359096658853888.000
51.446 71.462 5.598 0.000 0.000 0.000 10000018467672060592128.000
23.376 65.697 29.818 0.000 0.000 0.000 19999996922377447407616.000
17.791 61.672 44.705 0.000 0.000 0.000 10000001246683950219264.000
1.103 56.115 39.456 0.000 0.000 0.000 10000013196671280218112.000
70.325 8.051 13.229 0.000 0.000 0.000 9999996639777539489792.000
18.278 17.600 4.527 0.000 0.000 0.000 9999987488655442706432.000
64.888 78.506 62.200 0.000 0.000 0.000 10000000653488035987456.000
24.508 45.404 17.158 0.000 0.000 0.000 10000013667078726746112.000
72.103 15.188 35.164 0.000 0.000 0.000 10000016615217601445888.000
7.470 14.957 38.842 0.000 0.000 0.000 10000004137159160233984.000
19.864 46.018 30.797 0.000 0.000 0.000 10000016937039958114304.000
45.188 66.051 15.410 0.000 0.000 0.000 10000022805650459328512.000
29.239 48.461 13.866 0.000 0.000 0.000 9999989330666871324672.000
28.267 7.113 47.495 0.000 0.000 0.000 9999977638582345007104.000
55.192 50.516 14.245 0.000 0.000 0.000 9999994383561549414400.000
61.598 22.612 22.250 0.000 0.000 0.000 10000014718888761622528.000
56.816 48.006 46.743 0.000 0.000 0.000 10000009273114034700288.000
16.507 76.274 55.747 0.000 0.000 0.000 10000003127040431620096.000
16.649 64.760 13.445 0.000 0.000 0.000 10000010135491168960512.000
25.236 61.728 39.260 0.000 0.000 0.000 9999984974940317155328.000
7.437 51.594 54.892 0.000 0.000 0.000 10000006878361754271744.000
12.192 12.672 44.097 0.000 0.000 0.000 10000008035154893209600.000
36.320 8.438 76.398 0.000 0.000 0.000 10000003614654460854272.000
44.714 27.700 44.392 0.000 0.000 0.000 9999984643086051442688.000
9.572 71.128 28.628 0.000 0.000 0.000 9999997217839048032256.000
54.097 9.683 53.178 0.000 0.000 0.000 10000013663213159710720.000
20.839 41.138 35.186 0.000 0.000 0.000 9999997047653101731840.000
68.112 54.454 67.367 0.000 0.000 0.000 10000008704487696891904.000
31.338 25.258 53.683 0.000 0.000 0.000 9999998597468757426176.000
41.977 11.597 45.843 0.000 0.000 0.000 10000004854584541446144.000
9.406 79.972 23.595 0.000 0.000 0.000 9999985248432579149824.000
19.865 44.789 58.496 0.000 0.000 0.000 10000016361246785798144.000
0.050 4.085 31.811 0.000 0.000 0.000 9999996781740150489088.000
36.160 17.993 69.843 0.000 0.000 0.000 9999989556533226635264.000
34.742 30.225 69.406 0.000 0.000 0.000 9999999761732977295360.000
70.277 39.390 27.212 0.000 0.000 0.000 10000007517767271972864.000
53.106 56.306 63.627 0.000 0.000 0.000 9999979619351464509440.000
78.559 6.612 50.956 0.000 0.000 0.000 9999983712981942796288.000
52.642 26.898 36.326 0.000 0.000 0.000 10000017220463210004480.000
47.088 61.179 38.664 0.000 0.000 0.000 10000004129246830133248.000
52.062 16.380 73.590 0.000 0.000 0.000 10000005213897413885952.000
26.012 11.074 55.494 0.000 0.000 0.000 9999999097964618317824.000
7.980 52.129 52.010 0.000 0.000 0.000 10000005314663606648832.000
10.412 29.381 47.651 0.000 0.000 0.000 9999985031908931141632.000
33.473 37.817 42.274 0.000 0.000 0.000 9999994254506867032064.000
2.991 53.461 64.329 0.000 0.000 0.000 9999992720144132472832.000
4.000 66.796 11.202 0.000 0.000 0.000 9999997103053287194624.000
43.568 3.792 74.264 0.000 0.000 0.000 9999999069736925134848.000
73.146 36.129 15.102 0.000 0.000 0.000 10000019799118882799616.000
53.423 14.761 7.331 0.000 0.000 0.000 9999998606964286291968.000
40.991 77.639 46.312 0.000 0.000 0.000 10000011961351425490944.000
66.687 42.775 28.382 0.000 0.000 0.000 10000012422475870633984.000
11.101 73.798 34.331 0.000 0.000 0.000 10000003432783363964928.000
38.688 78.717 33.875 0.000 0.000 0.000 10000013444228648534016.000
76.568 28.663 74.539 0.000 0.000 0.000 9999985786612787183616.000
41.123 51.143 52.586 0.000 0.000 0.000 10000015659888325689344.000
18.757 52.869 16.449 0.000 0.000 0.000 9999994507944754413568.000
37.725 38.175 45.321 0.000 0.000 0.000 9999996461387886886912.000
20.958 48.316 49.002 0.000 0.000 0.000 10000006938913132249088.000
15.689 3.894 64.905 0.000 0.000 0.000 10000004351073074544640.000
16.709 31.407 73.942 0.000 0.000 0.000 9999993723067788427264.000
0.723 63.742 32.138 0.000 0.000 0.000 10000002200478930698240.000
50.208 39.276 62.222 0.000 0.000 0.000 9999977255040526057472.000
29.005 68.880 6.742 0.000 0.000 0.000 10000003441265945346048.000
71.140 73.054 35.692 0.000 0.000 0.000 9999998948655579004928.000
51.498 4.111 19.708 0.000 0.000 0.000 10000001905995169136640.000
5.532 58.057 78.851 0.000 0.000 0.000 10000005878158855241728.000
57.837 8.999 26.514 0.000 0.000 0.000 10000001929855576834048.000
12.485 59.015 19.365 0.000 0.000 0.000 9999999499310150451200.000
44.293 1.432 35.626 0.000 0.000 0.000 10000011496927631769600.000
57.800 73.695 44.121 0.000 0.000 0.000 10000014941475263479808.000
71.933 49.695 53.404 0.000 0.000 0.000 10000001741313030488064.000
18.341 27.728 30.774 0.000 0.000 0.000 9999998284687015411712.000
55.161 68.928 43.501 0.000 0.000 0.000 9999985199141384880128.000
76.443 50.763 52.985 0.000 0.000 0.000 10000006199451087536128.000
64.423 41.803 21.576 0.000 0.000 0.000 10000009173112159469568.000
71.039 0.652 23.395 0.000 0.000 0.000 10000015949159758561280.000
39.735 75.796 51.405 0.000 0.000 0.000 9999995879086404665344.000
23.326 26.622 23.588 0.000 0.000 0.000 10000001292944556425216.000
70.005 7.076 62.066 0.000 0.000 0.000 9999997369728733544448.000
67.063 16.284 52.986 0.000 0.000 0.000 10000006653936222076928.000
47.054 53.270 72.195 0.000 0.000 0.000 10000008283561377398784.000
63.648 33.867 67.046 0.000 0.000 0.000 10000012244731671085056.000
75.771 30.132 13.064 0.000 0.000 0.000 9999992081778800066560.000
1.923 54.024 51.210 0.000 0.000 0.000 10000024532200728821760.000
11.524 78.868 34.360 0.000 0.000 0.000 9999983552677485215744.000
17.715 7.686 68.166 0.000 0.000 0.000 9999996989053440360448.000
33.327 36.077 44.170 0.000 0.000 0.000 10000001049762677653504.000
19.195 40.133 20.604 0.000 0.000 0.000 10000003397165078544384.000
55.499 58.239 45.151 0.000 0.000 0.000 10000002698095395602432.000
12.827 0.110 12.829 0.000 0.000 0.000 9999994558772932509696.000
46.616 6.745 25.267 0.000 0.000 0.000 9999999545304336564224.000
61.899 46.998 7.953 0.000 0.000 0.000 9999988422352075489280.000
36.497 58.072 3.431 0.000 0.000 0.000 9999998557142292365312.000
4.115 53.373 25.596 0.000 0.000 0.000 10000002160231815577600.000
42.759 22.014 35.719 0.000 0.000 0.000 9999968942435497672704.000
31.802 35.013 10.281 0.000 0.000 0.000 10000011612122077200384.000
59.128 75.069 53.956 0.000 0.000 0.000 9999995347261278126080.000
47.013 22.937 53.005 0.000 0.000 0.000 9999999407910216007680.000
61.157 36.379 54.949 0.000 0.000 0.000 9999992173137846337536.000
30.067 65.575 37.130 0.000 0.000 0.000 10000007009032093040640.000
17.555 46.337 7.456 0.000 0.000 0.000 10000011733013113077760.000
18.836 32.440 78.649 0.000 0.000 0.000 9999992898090893836288.000
46.866 27.722 20.759 0.000 0.000 0.000 9999993428409929695232.000
12.655 34.884 73.427 0.000 0.000 0.000 10000025638200819056640.000
9.352 58.799 51.871 0.000 0.000 0.000 10000000287773613359104.000
44.282 54.230 42.820 0.000 0.000 0.000 9999992379871636488192.000
69.647 45.731 45.383 0.000 0.000 0.000 9999994209671636320256.000
41.008 25.830 70.259 0.000 0.000 0.000 9999999673778961383424.000
58.895 53.123 66.326 0.000 0.000 0.000 9999996186828854001664.000
7.580 11.789 12.134 0.000 0.000 0.000 9999989496813988085760.000
65.557 38.319 39.995 0.000 0.000 0.000 10000005637341855088640.000
43.906 3.677 48.118 0.000 0.000 0.000 9999999814328389730304.000
52.990 36.674 34.158 0.000 0.000 0.000 10000003934424641044480.000
11.420 63.463 0.190 0.000 0.000 0.000 10000005166872007802880.000
48.566 29.684 61.053 0.000 0.000 0.000 10000002808636107653120.000
18.407 18.479 59.474 0.000 0.000 0.000 10000003120503017439232.000
77.752 35.792 35.218 0.000 0.000 0.000 9999993063315160956928.000
18.895 79.408 72.039 0.000 0.000 0.000 9999999716339526664192.000
64.394 71.583 14.755 0.000 0.000 0.000 9999992062775134257152.000
10.667 48.061 58.526 0.000 0.000 0.000 9999991494704113909760.000
30.562 74.670 10.993 0.000 0.000 0.000 10000005255849679257600.000
54.421 52.114 19.944 0.000 0.000 0.000 9999993378725037080576.000
60.470 74.222 5.881 0.000 0.000 0.000 10000010265832886108160.000
5.026 0.326 24.902 0.000 0.000 0.000 10000006132011280367616.000
18.521 52.275 44.851 0.000 0.000 0.000 9999997472600626298880.000
72.695 32.880 66.058 0.000 0.000 0.000 9999985728533282422784.000
43.973 35.511 65.570 0.000 0.000 0.000 10000007137177467092992.000
61.079 11.863 8.874 0.000 0.000 0.000 10000016350102438281216.000
40.264 53.158 48.332 0.000 0.000 0.000 10000015447011197190144.000
23.807 7.295 68.732 0.000 0.000 0.000 9999994314935339319296.000
41.898 50.199 39.483 0.000 0.000 0.000 10000006398964100235264.000
61.694 1.428 73.493 0.000 0.000 0.000 10000010264762434715648.000
61.051 72.275 69.306 0.000 0.000 0.000 10000010083093255815168.000
27.828 45.895 65.182 0.000 0.000 0.000 9999993766476414713856.000
72.897 36.748 44.306 0.000 0.000 0.000 10000006160311881039872.000
16.719 64.248 19.807 0.000 0.000 0.000 10000002116972751880192.000
56.023 37.148 70.649 0.000 0.000 0.000 10000006089720148787200.000
60.338 31.908 57.992 0.000 0.000 0.000 10000002920197933498368.000
5.562 14.454 13.763 0.000 0.000 0.000 9999984155114491346944.000
26.736 79.939 59.115 0.000 0.000 0.000 9999995039675439906816.000
14.642 57.918 9.361 0.000 0.000 0.000 9999998170866064031744.000
10.321 43.666 54.981 0.000 0.000 0.000 10000009395977318301696.000
8.066 45.261 17.809 0.000 0.000 0.000 10000009122635870896128.000
15.238 9.242 10.636 0.000 0.000 0.000 9999997294674689654784.000
4.235 4.773 22.129 0.000 0.000 0.000 10000021502570782523392.000
78.248 31.790 25.110 0.000 0.000 0.000 10000004789495757012992.000
32.055 49.191 41.204 0.000 0.000 0.000 9999999472758425649152.000
15.817 40.066 40.106 0.000 0.000 0.000 9999998397443890741248.000
60.426 12.541 77.389 0.000 0.000 0.000 10000011590376775221248.000
70.924 36.258 6.448 0.000 0.000 0.000 10000008225800987869184.000
47.064 78.425 51.961 0.000 0.000 0.000 9999992018951743733760.000
24.021 60.826 54.119 0.000 0.000 0.000 9999995805574985940992.000
69.021 58.925 62.740 0.000 0.000 0.000 10000001794184849653760.000
76.509 74.520 57.285 0.000 0.000 0.000 9999990083708205924352.000
50.045 29.876 23.106 0.000 0.000 0.000 9999988189989095604224.000
50.409 77.664 51.566 0.000 0.000 0.000 9999997171258198327296.000
41.065 52.218 32.854 0.000 0.000 0.000 9999995796108288720896.000
28.698 6.524 24.750 0.000 0.000 0.000 10000016330134093037568.000
61.866 40.331 62.638 0.000 0.000 0.000 10000012610276817895424.000
0.259 38.503 55.638 0.000 0.000 0.000 10000016030454404612096.000
59.021 53.839 74.608 0.000 0.000 0.000 10000005726168959418368.000
55.033 69.129 51.235 0.000 0.000 0.000 9999996957896587870208.000
26.692 19.706 59.701 0.000 0.000 0.000 9999989005749432877056.000
44.785 79.160 32.721 0.000 0.000 0.000 10000008612211029180416.000
75.884 77.415 29.594 0.000 0.000 0.000 10000001462632605286400.000
48.197 52.052 52.133 0.000 0.000 0.000 10000006305377438138368.000
12.299 50.703 13.785 0.000 0.000 0.000 10000005529351397310464.000
7.922 46.426 68.629 0.000 0.000 0.000 10000007332696934055936.000
66.937 66.564 29.528 0.000 0.000 0.000 10000010784518971588608.000
41.093 5.754 73.019 0.000 0.000 0.000 10000003509554811764736.000
40.596 38.098 6.795 0.000 0.000 0.000 9999994090058936221696.000
59.572 39.540 66.945 0.000 0.000 0.000 10000004914880805076992.000
36.254 58.822 50.005 0.000 0.000 0.000 10000002286567519420416.000
9.662 50.316 27.254 0.000 0.000 0.000 9999988126776297521152.000
38.558 68.527 62.763 0.000 0.000 0.000 10000002732838470287360.000
30.239 31.126 19.256 0.000 0.000 0.000 10000014694633042870272.000
64.940 55.477 7.615 0.000 0.000 0.000 9999994743161572294656.000
40.800 35.278 37.839 0.000 0.000 0.000 10000008804197445140480.000
63.722 28.072 26.903 0.000 0.000 0.000 10000004055452876800000.000
32.468 68.770 56.308 0.000 0.000 0.000 10000006612837403197440.000
74.483 23.229 6.184 0.000 0.000 0.000 9999994894417815142400.000
12.792 77.885 25.058 0.000 0.000 0.000 10000007180876347604992.000
54.410 65.615 67.345 0.000 0.000 0.000 10000003230116542939136.000
64.890 48.395 0.889 0.000 0.000 0.000 9999998594475706286080.000
72.263 79.033 12.602 0.000 0.000 0.000 10000007645316706729984.000
21.356 20.866 7.608 0.000 0.000 0.000 10000001304695763107840.000
74.136 10.212 47.953 0.000 0.000 0.000 10000000586266814971904.000
75.052 29.747 13.986 0.000 0.000 0.000 9999991318450347704320.000
54.247 45.400 19.147 0.000 0.000 0.000 10000011815124490780672.000
19.205 0.912 45.558 0.000 0.000 0.000 10000002205178663010304.000
5.367 25.347 33.715 0.000 0.000 0.000 9999988524759365189632.000
32.919 41.841 62.910 0.000 0.000 0.000 10000000594964635451392.000
26.297 79.226 25.827 0.000 0.000 0.000 9999990368368244817920.000
45.648 68.887 36.393 0.000 0.000 0.000 9999996329996087984128.000
63.493 35.157 76.675 0.000 0.000 0.000 9999993309337877479424.000
69.281 69.022 79.420 0.000 0.000 0.000 10000008188936700559360.000
37.297 19.480 32.257 0.000 0.000 0.000 9999989918139670331392.000
55.993 35.873 35.604 0.000 0.000 0.000 9999999603381393948672.000
70.007 45.338 21.715 0.000 0.000 0.000 9999992305640647163904.000
77.615 68.492 12.957 0.000 0.000 0.000 9999998856720761749504.000
5.913 67.099 79.858 0.000 0.000 0.000 10000009795062128967680.000
40.454 66.210 30.187 0.000 0.000 0.000 9999994509296331128832.000
0.662 72.021 7.250 0.000 0.000 0.000 10000001694864267804672.000
65.821 18.103 45.093 0.000 0.000 0.000 9999997338520125440000.000
33.815 42.563 25.340 0.000 0.000 0.000 10000005351844209491968.000
9.197 45.812 50.825 0.000 0.000 0.000 10000007147293274800128.000
66.191 43.347 23.540 0.000 0.000 0.000 10000003125372203827200.000
78.687 61.387 44.816 0.000 0.000 0.000 10000008028173086228480.000
68.608 40.199 55.596 0.000 0.000 0.000 10000016553751007461376.000
73.222 26.956 12.494 0.000 0.000 0.000 10000004662060403130368.000
62.000 8.603 74.257 0.000 0.000 0.000 10000002729586276171776.000
11.832 53.858 22.361 0.000 0.000 0.000 9999993403720939339776.000
51.073 67.502 38.555 0.000 0.000 0.000 10000007697353102327808.000
23.266 75.713 22.644 0.000 0.000 0.000 9999988902382494810112.000
11.597 66.520 53.760 0.000 0.000 0.000 9999996289830344458240.000
36.656 60.285 5.508 0.000 0.000 0.000 10000010872741557174272.000
43.934 53.423 59.292 0.000 0.000 0.000 10000023715670369763328.000
60.352 20.122 51.241 0.000 0.000 0.000 9999993021585992712192.000
14.709 10.307 64.350 0.000 0.000 0.000 10000009617103101362176.000
17.019 1.827 78.940 0.000 0.000 0.000 9999999383461154521088.000
41.992 5.432 27.484 0.000 0.000 0.000 10000017985130098327552.000
22.332 46.584 67.321 0.000 0.000 0.000 9999980441516533350400.000
12.109 71.016 35.334 0.000 0.000 0.000 9999997677646957772800.000
41.989 75.624 35.666 0.000 0.000 0.000 10000002362363973992448.000
55.670 10.431 43.272 0.000 0.000 0.000 9999975269975151607808.000
62.095 67.220 11.935 0.000 0.000 0.000 9999996098703018426368.000
68.088 37.346 11.529 0.000 0.000 0.000 10000007033028746412032.000
36.469 73.455 22.153 0.000 0.000 0.000 10000001740462624866304.000
50.892 71.804 6.786 0.000 0.000 0.000 9999990351267222257664.000
70.448 69.401 48.891 0.000 0.000 0.000 10000004076798436442112.000
33.990 4.018 1.158 0.000 0.000 0.000 10000004539721810182144.000
70.031 9.375 27.465 0.000 0.000 0.000 10000024629682030772224.000
15.615 19.630 2.906 0.000 0.000 0.000 9999988715310981054464.000
23.999 51.520 70.198 0.000 0.000 0.000 9999994946373432639488.000
22.868 25.427 14.374 0.000 0.000 0.000 10000016840973610909696.000
14.616 60.845 27.371 0.000 0.000 0.000 10000013622965763571712.000
67.623 22.449 58.309 0.000 0.000 0.000 10000002037817028902912.000
15.407 31.782 20.465 0.000 0.000 0.000 10000005251859801440256.000
15.916 71.519 55.817 0.000 0.000 0.000 10000005054362890010624.000
6.597 62.811 32.592 0.000 0.000 0.000 9999990646466383183872.000
13.871 51.863 22.497 0.000 0.000 0.000 9999997621110596173824.000
29.267 70.499 12.686 0.000 0.000 0.000 9999997114437154635776.000
53.458 50.815 18.140 0.000 0.000 0.000 9999987292434610520064.000
78.736 5.342 79.606 0.000 0.000 0.000 9999983167789179338752.000
61.422 43.598 60.652 0.000 0.000 0.000 9999985673723831123968.000
75.964 31.215 72.480 0.000 0.000 0.000 10000017476156202680320.000
74.568 75.814 39.066 0.000 0.000 0.000 9999994409429613150208.000
28.214 71.945 49.805 0.000 0.000 0.000 9999998645381659361280.000
12.036 36.596 70.755 0.000 0.000 0.000 10000003088191949111296.000
31.065 77.850 37.932 0.000 0.000 0.000 9999994586950570868736.000
70.454 4.992 32.582 0.000 0.000 0.000 10000018750862467792896.000
77.975 2.430 70.992 0.000 0.000 0.000 9999991381228378914816.000
21.262 21.759 9.019 0.000 0.000 0.000 9999986651643546435584.000
13.754 16.933 22.307 0.000 0.000 0.000 9999993155399578550272.000
54.309 79.900 19.276 0.000 0.000 0.000 10000001112507909406720.000
54.374 29.404 20.035 0.000 0.000 0.000 9999999091000557436928.000
33.163 22.053 42.595 0.000 0.000 0.000 10000012211357470425088.000
18.228 62.203 57.762 0.000 0.000 0.000 9999992082549708947456.000
26.469 43.594 20.916 0.000 0.000 0.000 9999993831514546634752.000
43.209 43.680 77.979 0.000 0.000 0.000 9999999159524193730560.000
20.511 62.194 41.979 0.000 0.000 0.000 10000000886632244838400.000
58.395 44.848 23.910 0.000 0.000 0.000 9999994900277295579136.000
41.145 53.059 45.051 0.000 0.000 0.000 9999993209559873224704.000
11.975 33.466 20.614 0.000 0.000 0.000 9999998700287023906816.000
8.285 46.202 28.010 0.000 0.000 0.000 9999998099469535019008.000
7.594 42.566 67.203 0.000 0.000 0.000 10000025797187300491264.000
27.255 46.625 7.065 0.000 0.000 0.000 9999968711920024813568.000
3.914 67.156 12.544 0.000 0.000 0.000 9999993962232138432512.000
18.207 75.380 20.816 0.000 0.000 0.000 10000001502347345788928.000
36.295 18.294 42.940 0.000 0.000 0.000 9999996565066619027456.000
35.092 60.243 75.181 0.000 0.000 0.000 10000006410227249315840.000
5.571 54.050 72.898 0.000 0.000 0.000 9999994408640989626368.000
53.517 37.009 25.156 0.000 0.000 0.000 9999992709986226536448.000
48.386 41.923 30.739 0.000 0.000 0.000 9999989943681842937856.000
37.691 33.205 9.858 0.000 0.000 0.000 9999993974946124529664.000
27.225 72.001 9.552 0.000 0.000 0.000 10000000054078130356224.000
61.238 23.665 26.713 0.000 0.000 0.000 9999997750777743409152.000
36.640 19.102 58.398 0.000 0.000 0.000 9999990362231502012416.000
14.192 44.042 71.314 0.000 0.000 0.000 10000005003606017179648.000
18.414 46.772 77.050 0.000 0.000 0.000 9999997536223495192576.000
50.997 36.458 43.743 0.000 0.000 0.000 10000019658413724139520.000
66.189 79.155 66.793 0.000 0.000 0.000 10000011582169151438848.000
73.222 35.691 13.519 0.000 0.000 0.000 10000000940304846815232.000
46.768 14.126 65.782 0.000 0.000 0.000 9999997173822952308736.000
61.747 3.999 27.120 0.000 0.000 0.000 9999986160317807722496.000
65.881 47.449 46.448 0.000 0.000 0.000 9999999479329446690816.000
13.290 28.877 46.580 0.000 0.000 0.000 10000002555951362080768.000
22.089 29.243 28.485 0.000 0.000 0.000 9999989792543260803072.000
55.107 79.787 14.720 0.000 0.000 0.000 9999971921143141498880.000
55.314 36.785 79.868 0.000 0.000 0.000 9999998414377692692480.000
47.407 4.648 52.454 0.000 0.000 0.000 9999985796164882530304.000
62.049 57.182 68.330 0.000 0.000 0.000 10000009489888304955392.000
12.093 7.863 4.270 0.000 0.000 0.000 9999986662356180533248.000
14.057 40.851 30.701 0.000 0.000 0.000 10000001076682131767296.000
21.463 39.651 36.311 0.000 0.000 0.000 9999990811611113717760.000
27.191 6.836 7.875 0.000 0.000 0.000 10000003756738585034752.000
47.822 78.797 14.756 0.000 0.000 0.000 10000017757989993709568.000
65.517 40.652 52.914 0.000 0.000 0.000 9999994676417872789504.000
49.986 19.729 8.237 0.000 0.000 0.000 10000020038858045390848.000
56.073 6.988 60.777 0.000 0.000 0.000 10000000098286503460864.000
39.146 54.304 46.642 0.000 0.000 0.000 10000012251709728358400.000
12.444 45.160 21.085 0.000 0.000 0.000 10000003373186773155840.000
65.742 23.125 64.401 0.000 0.000 0.000 10000011523304235991040.000
25.244 42.482 7.469 0.000 0.000 0.000 10000003645317396299776.000
3.248 33.809 23.358 0.000 0.000 0.000 9999999629548647874560.000
57.114 29.583 69.327 0.000 0.000 0.000 9999980808479424118784.000
43.403 79.220 20.482 0.000 0.000 0.000 10000023210112061538304.000
16.110 52.395 56.554 0.000 0.000 0.000 9999987727247882584064.000
43.871 46.783 45.595 0.000 0.000 0.000 10000016689143044112384.000
15.780 1.606 71.341 0.000 0.000 0.000 10000003575183463940096.000
17.911 8.399 40.566 0.000 0.000 0.000 10000001661809102684160.000
45.212 23.023 63.047 0.000 0.000 0.000 10000010409606947799040.000
46.931 65.868 49.104 0.000 0.000 0.000 9999992008802316582912.000
55.875 41.779 56.319 0.000 0.000 0.000 10000007089772424069120.000
22.931 64.309 77.620 0.000 0.000 0.000 10000005928498554208256.000
2.415 73.588 79.026 0.000 0.000 0.000 10000007458150447841280.000
63.942 5.951 43.282 0.000 0.000 0.000 10000011811147357356032.000
8.595 79.521 1.923 0.000 0.000 0.000 9999991970450265604096.000
77.928 57.164 15.462 0.000 0.000 0.000 10000007513758083579904.000
34.570 28.683 53.841 0.000 0.000 0.000 9999998262941442899968.000
9.068 5.565 0.181 0.000 0.000 0.000 9999991038036303413248.000
9.471 62.897 56.753 0.000 0.000 0.000 10000006700041525788672.000
50.446 67.076 47.913 0.000 0.000 0.000 10000002361929955803136.000
72.746 68.845 74.099 0.000 0.000 0.000 10000002066422106685440.000
66.924 65.773 75.465 0.000 0.000 0.000 9999993095994134757376.000
34.965 32.797 76.379 0.000 0.000 0.000 10000004132741255790592.000
77.968 56.631 78.190 0.000 0.000 0.000 9999999355887089090560.000
44.882 62.016 33.281 0.000 0.000 0.000 9999989049997217759232.000
39.433 70.113 23.119 0.000 0.000 0.000 10000043935293750902784.000
30.726 53.133 3.790 0.000 0.000 0.000 10000002381178902413312.000
75.147 13.526 10.022 0.000 0.000 0.000 9999977295691917557760.000
32.219 43.565 61.537 0.000 0.000 0.000 10000011212395483496448.000
68.625 15.821 17.719 0.000 0.000 0.000 10000003374713009078272.000
63.764 30.302 63.004 0.000 0.000 0.000 10000001226781025632256.000
14.225 77.984 43.966 0.000 0.000 0.000 10000005324488929443840.000
52.077 59.669 63.011 0.000 0.000 0.000 9999995927714794045440.000
4.843 73.990 49.429 0.000 0.000 0.000 10000008228272835919872.000
58.706 70.929 36.990 0.000 0.000 0.000 9999973291125706326016.000
40.095 27.125 3.716 0.000 0.000 0.000 9999985999894015901696.000
51.318 71.751 70.868 0.000 0.000 0.000 10000004864582493405184.000
13.696 59.180 59.130 0.000 0.000 0.000 9999998143398062063616.000
39.082 8.182 49.101 0.000 0.000 0.000 10000005200906507255808.000
27.670 18.750 42.550 0.000 0.000 0.000 9999999783218964332544.000
10.290 12.417 2.395 0.000 0.000 0.000 10000011862748575039488.000
5.749 40.676 25.433 0.000 0.000 0.000 10000013232154605518848.000
65.197 55.191 40.182 0.000 0.000 0.000 9999993575402484269056.000
79.531 66.186 35.261 0.000 0.000 0.000 10000006766635861934080.000
61.619 29.511 51.942 0.000 0.000 0.000 10000005936936420114432.000
51.996 51.345 35.986 0.000 0.000 0.000 9999991199640724701184.000
45.871 56.874 70.130 0.000 0.000 0.000 10000002262812665577472.000
8.267 22.485 30.925 0.000 0.000 0.000 9999982816784694640640.000
23.937 70.310 59.700 0.000 0.000 0.000 10000005140276521730048.000
31.619 18.453 78.556 0.000 0.000 0.000 10000002383346168496128.000
53.468 51.189 54.110 0.000 0.000 0.000 9999995012906309648384.000
53.702 3.804 2.026 0.000 0.000 0.000 10000003583839857278976.000
25.700 15.184 17.037 0.000 0.000 0.000 9999992699889360306176.000
79.741 49.635 71.320 0.000 0.000 0.000 10000016033226833264640.000
73.182 59.367 59.394 0.000 0.000 0.000 10000002188732281126912.000
28.748 32.815 33.395 0.000 0.000 0.000 10000011183174713344000.000
72.187 47.802 19.124 0.000 0.000 0.000 9999998016941033783296.000
18.092 51.116 24.354 0.000 0.000 0.000 9999998816394445586432.000
66.098 32.200 74.819 0.000 0.000 0.000 9999997028762373849088.000
54.288 41.976 28.596 0.000 0.000 0.000 10000020606706922815488.000
22.810 10.542 57.446 0.000 0.000 0.000 9999996518111423496192.000
10.932 79.352 5.254 0.000 0.000 0.000 9999992139738410647552.000
7.688 55.443 72.985 0.000 0.000 0.000 9999985092206763442176.000
37.596 61.285 69.143 0.000 0.000 0.000 10000016416305783504896.000
32.065 30.171 52.998 0.000 0.000 0.000 9999996245943066296320.000
72.057 19.586 0.430 0.000 0.000 0.000 10000000795332898193408.000
67.334 2.418 58.755 0.000 0.000 0.000 10000014167823567814656.000
21.843 53.946 53.046 0.000 0.000 0.000 9999978363294746411008.000
13.176 73.133 55.945 0.000 0.000 0.000 10000007944050558631936.000
2.316 2.086 17.796 0.000 0.000 0.000 9999995326759148978176.000
55.041 62.139 8.504 0.000 0.000 0.000 9999992354952529838080.000
11.564 21.836 21.117 0.000 0.000 0.000 10000022692235589976064.000
20.717 48.548 65.495 0.000 0.000 0.000 9999988498317141082112.000
5.461 5.854 38.655 0.000 0.000 0.000 10000002170412924403712.000
27.823 22.823 61.536 0.000 0.000 0.000 10000005764377066078208.000
9.347 27.725 67.262 0.000 0.000 0.000 9999996666737403625472.000
70.936 27.059 15.069 0.000 0.000 0.000 9999996462602320347136.000
56.739 17.073 77.331 0.000 0.000 0.000 9999999803788382699520.000
27.499 39.766 12.888 0.000 0.000 0.000 10000003130705768873984.000
77.034 73.980 71.718 0.000 0.000 0.000 10000020961187875258368.000
45.595 54.562 5.956 0.000 0.000 0.000 9999988180464166764544.000
65.783 73.991 54.539 0.000 0.000 0.000 10000009275445895757824.000
19.799 25.397 43.387 0.000 0.000 0.000 9999995095662286864384.000
53.148 5.312 1.244 0.000 0.000 0.000 10000008454953215459328.000
12.995 33.007 12.463 0.000 0.000 0.000 9999997494874312015872.000
68.868 18.540 20.520 0.000 0.000 0.000 10000003039020720324608.000
37.942 52.056 38.873 0.000 0.000 0.000 10000013000457171501056.000
42.585 69.472 2.158 0.000 0.000 0.000 10000015462170301038592.000
7.787 66.261 43.059 0.000 0.000 0.000 10000006974277746163712.000
44.392 50.790 38.224 0.000 0.000 0.000 10000008332148306083840.000
52.238 12.716 48.609 0.000 0.000 0.000 10000002900259007102976.000
17.452 14.974 32.496 0.000 0.000 0.000 10000014656807356071936.000
55.657 65.605 25.816 0.000 0.000 0.000 9999998157851660910592.000
49.602 21.050 3.503 0.000 0.000 0.000 10000008885253615648768.000
62.182 54.184 71.727 0.000 0.000 0.000 9999989987052322029568.000
42.777 48.723 50.854 0.000 0.000 0.000 9999984554810741358592.000
64.964 25.123 7.784 0.000 0.000 0.000 9999992143243810701312.000
56.988 12.258 73.096 0.000 0.000 0.000 10000011078639506423808.000
68.311 15.253 45.249 0.000 0.000 0.000 9999998873932455215104.000
59.925 57.780 11.499 0.000 0.000 0.000 10000024197927270350848.000
16.089 25.217 53.604 0.000 0.000 0.000 9999989464168325447680.000
12.870 77.536 41.175 0.000 0.000 0.000 10000001795073157103616.000
68.659 33.408 31.490 0.000 0.000 0.000 10000003485068232228864.000
41.441 33.907 3.591 0.000 0.000 0.000 9999993647020107628544.000
19.245 0.790 55.790 0.000 0.000 0.000 9999990006587890597888.000
45.586 64.903 31.000 0.000 0.000 0.000 10000010858031860416512.000
34.299 54.517 1.208 0.000 0.000 0.000 9999989402033748705280.000
63.519 24.764 12.578 0.000 0.000 0.000 10000008303664840048640.000
17.256 79.284 29.698 0.000 0.000 0.000 10000008886427649572864.000
32.757 70.441 52.348 0.000 0.000 0.000 10000002381256343945216.000
3.690 40.907 24.070 0.000 0.000 0.000 10000002247701244674048.000
54.013 42.778 36.129 0.000 0.000 0.000 10000006060930695692288.000
63.089 55.525 79.608 0.000 0.000 0.000 9999986462258077106176.000
57.614 57.722 4.221 0.000 0.000 0.000 9999993349645151502336.000
58.255 50.795 45.868 0.000 0.000 0.000 9999986211761489444864.000
1.269 40.356 75.178 0.000 0.000 0.000 9999990892846745911296.000
66.790 3.188 72.906 0.000 0.000 0.000 9999965926016921108480.000
12.557 71.108 5.571 0.000 0.000 0.000 9999997854966693756928.000
43.232 52.155 69.632 0.000 0.000 0.000 10000009927699260768256.000
67.571 42.225 49.290 0.000 0.000 0.000 10000016358606324629504.000
10.133 53.508 2.250 0.000 0.000 0.000 9999989761102044987392.000
48.599 1.813 65.700 0.000 0.000 0.000 10000015633670157107200.000
33.466 4.653 4.483 0.000 0.000 0.000 9999998243772741713920.000
12.166 50.572 51.107 0.000 0.000 0.000 10000002179305587081216.000
72.826 3.690 68.319 0.000 0.000 0.000 10000006241608710225920.000
44.928 63.467 44.588 0.000 0.000 0.000 10000001414437481218048.000
9.214 73.730 77.389 0.000 0.000 0.000 9999998097705784049664.000
73.164 9.326 68.128 0.000 0.000 0.000 9999993842395527512064.000
69.425 3.662 53.320 0.000 0.000 0.000 9999995652157179166720.000
70.673 35.601 53.133 0.000 0.000 0.000 9999982777668393238528.000
69.103 49.385 53.344 0.000 0.000 0.000 10000000603158248161280.000
77.836 47.695 54.713 0.000 0.000 0.000 10000008617572874321920.000
51.821 29.016 18.446 0.000 0.000 0.000 10000013231634432131072.000
36.104 60.294 52.275 0.000 0.000 0.000 10000015439804741189632.000
73.164 6.775 31.824 0.000 0.000 0.000 9999989551191444946944.000
63.439 79.103 73.421 0.000 0.000 0.000 9999991784538722271232.000
79.436 41.150 70.928 0.000 0.000 0.000 10000004500566470295552.000
21.892 45.072 32.486 0.000 0.000 0.000 9999989179567745007616.000
40.857 45.283 74.911 0.000 0.000 0.000 10000017193363218366464.000
30.231 50.052 27.559 0.000 0.000 0.000 10000008768555059249152.000
53.299 25.157 45.540 0.000 0.000 0.000 10000026056317187653632.000
54.073 51.960 9.726 0.000 0.000 0.000 9999990021956007100416.000
65.153 68.549 48.051 0.000 0.000 0.000 9999990054475752538112.000
38.870 57.179 33.795 0.000 0.000 0.000 10000006971943521615872.000
66.703 19.896 50.383 0.000 0.000 0.000 10000005507455446417408.000
4.423 51.764 16.232 0.000 0.000 0.000 10000002963139867967488.000
53.792 67.439 35.586 0.000 0.000 0.000 9999992471448195170304.000
58.493 35.022 15.062 0.000 0.000 0.000 9999997218690370109440.000
42.482 65.072 11.974 0.000 0.000 0.000 9999980395204593057792.000
25.951 20.921 36.352 0.000 0.000 0.000 10000012808595439616000.000
4.845 15.767 23.705 0.000 0.000 0.000 9999994214836789575680.000
66.616 22.200 67.100 0.000 0.000 0.000 9999989152638602051584.000
67.309 45.109 37.334 0.000 0.000 0.000 10000004603752669511680.000
64.204 30.133 50.706 0.000 0.000 0.000 9999993158258531500032.000
8.574 76.114 48.202 0.000 0.000 0.000 10000000717338999521280.000
7.063 68.354 63.849 0.000 0.000 0.000 10000017505917840916480.000
52.194 52.127 67.225 0.000 0.000 0.000 10000000565726578475008.000
0.827 26.097 65.588 0.000 0.000 0.000 9999991572779029757952.000
50.357 50.734 57.497 0.000 0.000 0.000 10000019572665152962560.000
22.721 62.052 34.733 0.000 0.000 0.000 10000003336457949282304.000
50.990 3.999 77.398 0.000 0.000 0.000 9999990148760491524096.000
34.901 18.440 53.295 0.000 0.000 0.000 10000001416895284641792.000
69.339 15.849 9.921 0.000 0.000 0.000 10000003054408313077760.000
63.208 68.176 57.272 0.000 0.000 0.000 10000004707174095781888.000
59.221 69.010 62.408 0.000 0.000 0.000 10000005381671677329408.000
76.567 0.245 64.511 0.000 0.000 0.000 10000021549830767640576.000
31.170 23.022 56.262 0.000 0.000 0.000 9999997208646356303872.000
79.717 55.606 11.963 0.000 0.000 0.000 10000005481070157889536.000
44.081 35.263 35.473 0.000 0.000 0.000 10000002811425414184960.000
67.040 0.586 30.627 0.000 0.000 0.000 9999984989323158093824.000
59.055 13.406 53.887 0.000 0.000 0.000 9999990382115692740608.000
64.816 17.381 72.970 0.000 0.000 0.000 10000003208312734613504.000
39.057 2.555 24.072 0.000 0.000 0.000 10000012670139033976832.000
55.308 6.807 70.649 0.000 0.000 0.000 10000012517904780099584.000
9.275 34.001 74.812 0.000 0.000 0.000 9999994910460124069888.000
54.145 6.617 26.496 0.000 0.000 0.000 9999998575883652694016.000
45.582 59.642 66.596 0.000 0.000 0.000 9999994871028113211392.000
49.505 66.418 2.609 0.000 0.000 0.000 9999989819677167583232.000
22.576 52.952 17.903 0.000 0.000 0.000 9999986835297560166400.000
52.058 47.949 8.597 0.000 0.000 0.000 9999997705692058222592.000
46.233 66.248 1.893 0.000 0.000 0.000 9999995628818953928704.000
7.216 35.413 11.938 0.000 0.000 0.000 10000009591155234701312.000
14.432 63.127 76.120 0.000 0.000 0.000 10000009278354502975488.000
48.116 52.885 14.681 0.000 0.000 0.000 10000011519422963384320.000
58.517 56.172 27.930 0.000 0.000 0.000 10000006878016829390848.000
9.273 58.357 56.335 0.000 0.000 0.000 10000004889370895056896.000
77.123 70.730 31.994 0.000 0.000 0.000 9999987626312229453824.000
2.831 15.241 27.767 0.000 0.000 0.000 9999995532012515491840.000
52.571 9.721 49.503 0.000 0.000 0.000 9999996025132973817856.000
27.348 7.541 57.746 0.000 0.000 0.000 9999995174531071213568.000
66.148 62.032 26.954 0.000 0.000 0.000 10000010718156930678784.000
55.134 27.962 57.841 0.000 0.000 0.000 9999992565131970084864.000
54.163 20.481 24.445 0.000 0.000 0.000 9999985237878743498752.000
1.636 20.162 49.726 0.000 0.000 0.000 10000006657061540593664.000
42.406 24.029 38.716 0.000 0.000 0.000 10000006800643815636992.000
26.756 33.727 49.002 0.000 0.000 0.000 9999999480598783590400.000
58.695 44.238 58.080 0.000 0.000 0.000 10000019037498055327744.000
33.807 20.097 21.203 0.000 0.000 0.000 9999996343485475061760.000
66.699 59.161 10.512 0.000 0.000 0.000 10000007855644568715264.000
70.970 57.960 33.048 0.000 0.000 0.000 10000011460047211069440.000
73.385 9.140 4.954 0.000 0.000 0.000 9999993369053076914176.000
5.215 31.481 65.194 0.000 0.000 0.000 9999983376198654754816.000
10.112 48.572 44.121 0.000 0.000 0.000 9999993029917801447424.000
32.155 6.349 0.785 0.000 0.000 0.000 10000015033040854056960.000
39.164 43.591 25.300 0.000 0.000 0.000 9999991235689974857728.000
19.307 53.266 19.053 0.000 0.000 0.000 9999988047836795109376.000
22.929 1.986 44.083 0.000 0.000 0.000 9999982870268183838720.000
68.853 28.316 55.370 0.000 0.000 0.000 9999997399222856974336.000
44.740 63.949 23.394 0.000 0.000 0.000 10000015892463308767232.000
41.697 48.033 1.198 0.000 0.000 0.000 10000005159262500159488.000
0.070 29.499 16.199 0.000 0.000 0.000 10000000347217552474112.000
75.964 19.789 77.598 0.000 0.000 0.000 10000014968563701907456.000
36.701 73.249 44.103 0.000 0.000 0.000 10000011813264207904768.000
36.750 78.667 53.476 0.000 0.000 0.000 9999989711015600193536.000
46.824 71.372 14.803 0.000 0.000 0.000 10000010409161659514880.000
37.688 77.790 13.044 0.000 0.000 0.000 9999973250658646097920.000
55.158 33.491 3.303 0.000 0.000 0.000 10000001696967738523648.000
65.574 11.441 46.181 0.000 0.000 0.000 10000007680421152161792.000
29.768 58.518 64.068 0.000 0.000 0.000 10000002058330314899456.000
6.633 6.628 45.413 0.000 0.000 0.000 9999998249350994067456.000
78.411 59.482 39.202 0.000 0.000 0.000 10000002097691790147584.000
12.635 44.264 48.582 0.000 0.000 0.000 9999996670078969970688.000
60.476 53.955 73.841 0.000 0.000 0.000 9999999418703055683584.000
51.320 38.516 16.428 0.000 0.000 0.000 10000019146085394022400.000
33.657 40.496 18.631 0.000 0.000 0.000 10000000910229753561088.000
18.571 0.500 51.156 0.000 0.000 0.000 9999989416918035464192.000
38.969 76.432 70.737 0.000 0.000 0.000 9999995369264892608512.000
78.909 4.877 46.985 0.000 0.000 0.000 9999996748845732069376.000
64.374 71.623 44.731 0.000 0.000 0.000 9999987261867053547520.000
16.627 66.304 31.949 0.000 0.000 0.000 10000007208729378291712.000
73.638 4.752 5.482 0.000 0.000 0.000 9999992633764161257472.000
39.344 73.117 47.123 0.000 0.000 0.000 9999989604247211606016.000
22.034 75.074 64.115 0.000 0.000 0.000 9999995596087708614656.000
21.552 16.710 77.153 0.000 0.000 0.000 9999992485345824342016.000
