1000.000 0.500 10
776.066 560.098 802.826 0.000 0.000 0.000 999999453953740374016.000
274.468 528.467 541.487 0.000 0.000 0.000 1000001099778254700544.000
67.757 650.967 19.338 0.000 0.000 0.000 999999934724219207680.000
239.577 643.735 708.517 0.000 0.000 0.000 1000001081811882213376.000
550.314 535.092 783.225 0.000 0.000 0.000 1000000385201451696128.000
519.131 544.808 446.071 0.000 0.000 0.000 999999027546866057216.000
854.705 641.388 206.885 0.000 0.000 0.000 1000000993244854747136.000
260.299 491.511 34.978 0.000 0.000 0.000 999999828151025270784.000
396.306 785.631 637.479 0.000 0.000 0.000 1000001537157238882304.000
133.570 571.277 860.589 0.000 0.000 0.000 1000000588777252454400.000
